 
 3.000E+00
 3.000E+00
 2.999E+00
 2.998E+00
 2.996E+00
 2.992E+00
 2.987E+00
 2.980E+00
 2.972E+00
 2.960E+00
 2.947E+00
 2.930E+00
 2.911E+00
 2.889E+00
 2.863E+00
 2.834E+00
 2.802E+00
 2.767E+00
 2.728E+00
 2.686E+00
 2.641E+00
 2.593E+00
 2.542E+00
 2.488E+00
 2.433E+00
 2.375E+00
 2.315E+00
 2.254E+00
 2.192E+00
 2.129E+00
 2.065E+00
 2.001E+00
 1.937E+00
 1.873E+00
 1.810E+00
 1.747E+00
 1.685E+00
 1.625E+00
 1.565E+00
 1.507E+00
 1.450E+00
 1.395E+00
 1.341E+00
 1.289E+00
 1.239E+00
 1.190E+00
 1.144E+00
 1.098E+00
 1.055E+00
 1.013E+00
 9.731E-01
 9.346E-01
 8.977E-01
 8.624E-01
 8.285E-01
 7.960E-01
 7.650E-01
 7.353E-01
 7.069E-01
 6.797E-01
