 
 3.000E+00
 3.000E+00
 2.999E+00
 2.997E+00
 2.994E+00
 2.990E+00
 2.984E+00
 2.976E+00
 2.966E+00
 2.954E+00
 2.939E+00
 2.921E+00
 2.900E+00
 2.876E+00
 2.849E+00
 2.819E+00
 2.786E+00
 2.749E+00
 2.709E+00
 2.666E+00
 2.620E+00
 2.572E+00
 2.520E+00
 2.467E+00
 2.411E+00
 2.353E+00
 2.294E+00
 2.234E+00
 2.172E+00
 2.110E+00
 2.047E+00
 1.984E+00
 1.921E+00
 1.858E+00
 1.796E+00
 1.735E+00
 1.675E+00
 1.615E+00
 1.557E+00
 1.500E+00
 1.445E+00
 1.391E+00
 1.338E+00
 1.287E+00
 1.238E+00
 1.190E+00
 1.144E+00
 1.100E+00
 1.057E+00
 1.016E+00
 9.766E-01
 9.387E-01
 9.022E-01
 8.673E-01
 8.337E-01
 8.016E-01
 7.708E-01
 7.413E-01
 7.130E-01
 6.860E-01
