 
 3.000E+00
 3.000E+00
 2.999E+00
 2.997E+00
 2.994E+00
 2.990E+00
 2.984E+00
 2.976E+00
 2.966E+00
 2.954E+00
 2.939E+00
 2.921E+00
 2.900E+00
 2.877E+00
 2.850E+00
 2.820E+00
 2.786E+00
 2.749E+00
 2.710E+00
 2.667E+00
 2.621E+00
 2.572E+00
 2.521E+00
 2.467E+00
 2.411E+00
 2.354E+00
 2.294E+00
 2.234E+00
 2.172E+00
 2.110E+00
 2.047E+00
 1.984E+00
 1.921E+00
 1.859E+00
 1.796E+00
 1.735E+00
 1.675E+00
 1.615E+00
 1.557E+00
 1.500E+00
 1.444E+00
 1.390E+00
 1.338E+00
 1.287E+00
 1.238E+00
 1.190E+00
 1.144E+00
 1.100E+00
 1.057E+00
 1.016E+00
 9.763E-01
 9.384E-01
 9.019E-01
 8.670E-01
 8.334E-01
 8.013E-01
 7.705E-01
 7.410E-01
 7.128E-01
 6.857E-01
