 3.846E-02
 1.812E+00
 2.141E+00
 1.795E+00
 1.227E+00
 6.758E-01
 2.497E-01
-2.416E-02
-1.606E-01
-1.931E-01
-1.589E-01
-9.145E-02
-1.601E-02
 5.067E-02
 9.980E-02
 1.289E-01
 1.398E-01
 1.371E-01
 1.261E-01
 1.123E-01
 1.000E-01
 9.239E-02
 9.110E-02
 9.646E-02
 1.077E-01
 1.236E-01
 1.421E-01
 1.617E-01
 1.809E-01
 1.988E-01
 2.150E-01
 2.299E-01
 2.442E-01
 2.593E-01
 2.766E-01
 2.979E-01
 3.245E-01
 3.577E-01
 3.980E-01
 4.456E-01
 5.000E-01
 5.600E-01
 6.238E-01
 6.892E-01
 7.537E-01
 8.144E-01
 8.687E-01
 9.139E-01
 9.480E-01
 9.691E-01
 9.762E-01
 9.691E-01
 9.480E-01
 9.139E-01
 8.687E-01
 8.144E-01
 7.537E-01
 6.892E-01
 6.238E-01
 5.600E-01
 5.000E-01
 4.456E-01
 3.980E-01
 3.577E-01
 3.245E-01
 2.979E-01
 2.766E-01
 2.593E-01
 2.442E-01
 2.299E-01
 2.150E-01
 1.988E-01
 1.809E-01
 1.617E-01
 1.421E-01
 1.236E-01
 1.077E-01
 9.646E-02
 9.110E-02
 9.239E-02
 1.000E-01
 1.123E-01
 1.261E-01
 1.371E-01
 1.398E-01
 1.289E-01
 9.980E-02
 5.067E-02
-1.601E-02
-9.145E-02
-1.589E-01
-1.931E-01
-1.606E-01
-2.416E-02
 2.497E-01
 6.758E-01
 1.227E+00
 1.795E+00
 2.141E+00
 1.812E+00
