-5.000E+00
-4.900E+00
-4.800E+00
-4.700E+00
-4.600E+00
-4.500E+00
-4.400E+00
-4.300E+00
-4.200E+00
-4.100E+00
-4.000E+00
-3.900E+00
-3.800E+00
-3.700E+00
-3.600E+00
-3.500E+00
-3.400E+00
-3.300E+00
-3.200E+00
-3.100E+00
-3.000E+00
-2.900E+00
-2.800E+00
-2.700E+00
-2.600E+00
-2.500E+00
-2.400E+00
-2.300E+00
-2.200E+00
-2.100E+00
-2.000E+00
-1.900E+00
-1.800E+00
-1.700E+00
-1.600E+00
-1.500E+00
-1.400E+00
-1.300E+00
-1.200E+00
-1.100E+00
-1.000E+00
-9.000E-01
-8.000E-01
-7.000E-01
-6.000E-01
-5.000E-01
-4.000E-01
-3.000E-01
-2.000E-01
-1.000E-01
 7.451E-08
 1.000E-01
 2.000E-01
 3.000E-01
 4.000E-01
 5.000E-01
 6.000E-01
 7.000E-01
 8.000E-01
 9.000E-01
 1.000E+00
 1.100E+00
 1.200E+00
 1.300E+00
 1.400E+00
 1.500E+00
 1.600E+00
 1.700E+00
 1.800E+00
 1.900E+00
 2.000E+00
 2.100E+00
 2.200E+00
 2.300E+00
 2.400E+00
 2.500E+00
 2.600E+00
 2.700E+00
 2.800E+00
 2.900E+00
 3.000E+00
 3.100E+00
 3.200E+00
 3.300E+00
 3.400E+00
 3.500E+00
 3.600E+00
 3.700E+00
 3.800E+00
 3.900E+00
 4.000E+00
 4.100E+00
 4.200E+00
 4.300E+00
 4.400E+00
 4.500E+00
 4.600E+00
 4.700E+00
 4.800E+00
 4.900E+00
