 3.846E-02
 5.027E+06
 5.777E+06
 4.673E+06
 3.053E+06
 1.573E+06
 4.853E+05
-1.764E+05
-4.837E+05
-5.428E+05
-4.572E+05
-3.097E+05
-1.571E+05
-3.254E+04
 5.056E+04
 9.195E+04
 9.927E+04
 8.353E+04
 5.596E+04
 2.591E+04
 1.215E+00
-1.809E+04
-2.726E+04
-2.838E+04
-2.347E+04
-1.510E+04
-5.752E+03
 2.564E+03
 8.509E+03
 1.149E+04
 1.156E+04
 9.299E+03
 5.580E+03
 1.371E+03
-2.442E+03
-5.194E+03
-6.510E+03
-6.331E+03
-4.874E+03
-2.560E+03
 7.947E+01
 2.507E+03
 4.273E+03
 5.082E+03
 4.840E+03
 3.651E+03
 1.799E+03
-3.138E+02
-2.235E+03
-3.544E+03
-3.924E+03
-3.215E+03
-1.451E+03
 1.151E+03
 4.223E+03
 7.314E+03
 9.977E+03
 1.187E+04
 1.286E+04
 1.308E+04
 1.301E+04
 1.346E+04
 1.553E+04
 2.054E+04
 2.995E+04
 4.517E+04
 6.758E+04
 9.841E+04
 1.389E+05
 1.907E+05
 2.558E+05
 3.382E+05
 4.440E+05
 5.834E+05
 7.719E+05
 1.033E+06
 1.399E+06
 1.917E+06
 2.649E+06
 3.680E+06
 5.120E+06
 7.120E+06
 9.879E+06
 1.367E+07
 1.887E+07
 2.600E+07
 3.582E+07
 4.942E+07
 6.836E+07
 9.492E+07
 1.324E+08
 1.856E+08
 2.612E+08
 3.690E+08
 5.225E+08
 7.408E+08
 1.050E+09
 1.487E+09
 2.100E+09
 2.955E+09
