 3.846E-02
 3.998E-02
 4.160E-02
 4.331E-02
 4.513E-02
 4.706E-02
 4.912E-02
 5.131E-02
 5.365E-02
 5.615E-02
 5.882E-02
 6.169E-02
 6.477E-02
 6.807E-02
 7.163E-02
 7.547E-02
 7.962E-02
 8.410E-02
 8.897E-02
 9.425E-02
 1.000E-01
 1.063E-01
 1.131E-01
 1.206E-01
 1.289E-01
 1.379E-01
 1.479E-01
 1.590E-01
 1.712E-01
 1.848E-01
 2.000E-01
 2.169E-01
 2.358E-01
 2.571E-01
 2.809E-01
 3.077E-01
 3.378E-01
 3.717E-01
 4.098E-01
 4.525E-01
 5.000E-01
 5.525E-01
 6.098E-01
 6.711E-01
 7.353E-01
 8.000E-01
 8.621E-01
 9.174E-01
 9.615E-01
 9.901E-01
 1.000E+00
 9.901E-01
 9.615E-01
 9.174E-01
 8.621E-01
 8.000E-01
 7.353E-01
 6.711E-01
 6.098E-01
 5.525E-01
 5.000E-01
 4.525E-01
 4.098E-01
 3.717E-01
 3.378E-01
 3.077E-01
 2.809E-01
 2.571E-01
 2.358E-01
 2.169E-01
 2.000E-01
 1.848E-01
 1.712E-01
 1.590E-01
 1.479E-01
 1.379E-01
 1.289E-01
 1.206E-01
 1.131E-01
 1.063E-01
 1.000E-01
 9.425E-02
 8.897E-02
 8.410E-02
 7.962E-02
 7.547E-02
 7.163E-02
 6.807E-02
 6.477E-02
 6.169E-02
 5.882E-02
 5.615E-02
 5.365E-02
 5.131E-02
 4.912E-02
 4.706E-02
 4.513E-02
 4.331E-02
 4.160E-02
 3.998E-02
